0 0.096875 0.221875 0.140625 0.1875
0 0.24296875 0.2203125 0.1453125 0.196875
0 0.39140625 0.525 0.1328125 0.196875
0 0.3921875 0.22109375 0.15 0.2109375
0 0.54453125 0.22265625 0.1328125 0.2015625
0 0.83125 0.2078125 0.190625 0.20625
0 0.2484375 0.5296875 0.140625 0.209375
0 0.27265625 0.7859375 0.1171875 0.16875
0 0.53125 0.5375 0.134375 0.203125
0 0.6890625 0.55390625 0.15625 0.1828125
0 0.8375 0.55234375 0.13125 0.1859375
0 0.40234375 0.80703125 0.1234375 0.1671875
0 0.52578125 0.778125 0.1203125 0.175
0 0.65234375 0.809375 0.1484375 0.209375
0 0.790625 0.8140625 0.1375 0.178125
0 0.9296875 0.80859375 0.115625 0.2015625