0 0.140625 0.7328125 0.128125 0.19375
0 0.2703125 0.7328125 0.10625 0.18125
0 0.09609375 0.28828125 0.1421875 0.2046875
0 0.22265625 0.27265625 0.1140625 0.2140625
0 0.3390625 0.27421875 0.103125 0.2171875
0 0.30859375 0.51328125 0.1203125 0.1859375
0 0.4359375 0.51328125 0.10625 0.1890625
0 0.6359375 0.521875 0.115625 0.184375
0 0.8265625 0.54296875 0.096875 0.1421875
0 0.1515625 0.934375 0.11875 0.13125
0 0.28984375 0.93359375 0.1296875 0.1328125
0 0.3734375 0.7234375 0.09375 0.159375
0 0.19765625 0.52578125 0.1078125 0.1640625
0 0.590625 0.91875 0.1 0.1375
0 0.78515625 0.93515625 0.0984375 0.0921875
0 0.4703125 0.70546875 0.0875 0.1546875
0 0.40625 0.93046875 0.096875 0.1296875
0 0.67890625 0.2890625 0.1015625 0.196875
0 0.790625 0.28046875 0.109375 0.2234375
0 0.553125 0.2828125 0.103125 0.196875