0 0.2484375 0.24609375 0.153125 0.2359375
0 0.41875 0.2453125 0.15625 0.221875
0 0.59375 0.24375 0.1625 0.20625
0 0.778125 0.2484375 0.153125 0.190625
0 0.896875 0.5703125 0.18125 0.265625
0 0.375 0.91484375 0.1125 0.1703125
0 0.48046875 0.91328125 0.1015625 0.1453125
0 0.5921875 0.909375 0.125 0.178125
0 0.73125 0.9 0.109375 0.2
0 0.8484375 0.9046875 0.103125 0.190625
0 0.96015625 0.9171875 0.0796875 0.153125
0 0.0828125 0.2484375 0.1625 0.21875
0 0.259375 0.909375 0.11875 0.18125
0 0.6140625 0.61015625 0.134375 0.1828125
0 0.74765625 0.60859375 0.1171875 0.1953125
0 0.47734375 0.63125 0.1296875 0.171875
0 0.0671875 0.625 0.10625 0.15625
0 0.2953125 0.57265625 0.11875 0.1953125