0 0.26640625 0.33671875 0.1890625 0.1984375
0 0.453125 0.35234375 0.190625 0.2140625
0 0.2765625 0.55234375 0.196875 0.2015625
0 0.46328125 0.56171875 0.1671875 0.2078125
0 0.75546875 0.14609375 0.1296875 0.1359375
0 0.765625 0.325 0.14375 0.196875
0 0.7796875 0.5546875 0.146875 0.228125
0 0.6203125 0.54296875 0.146875 0.2390625
0 0.61796875 0.3359375 0.1484375 0.171875
0 0.09140625 0.31875 0.1546875 0.2125
0 0.128125 0.74296875 0.171875 0.1765625
0 0.29609375 0.746875 0.1671875 0.175
0 0.60859375 0.76171875 0.1453125 0.1765625
0 0.7671875 0.77265625 0.15 0.1609375
0 0.91953125 0.78359375 0.1390625 0.1671875
0 0.4578125 0.8765625 0.140625 0.14375
0 0.92578125 0.55546875 0.1484375 0.2546875