0 0.65078125 0.6796875 0.0890625 0.165625
0 0.79921875 0.459375 0.0765625 0.13125
0 0.8796875 0.45390625 0.06875 0.1328125
0 0.959375 0.45546875 0.08125 0.1359375
0 0.721875 0.434375 0.084375 0.140625
0 0.646875 0.446875 0.075 0.1375
0 0.57734375 0.44375 0.0703125 0.13125
0 0.665625 0.175 0.090625 0.128125
0 0.753125 0.1765625 0.09375 0.134375
0 0.83671875 0.15234375 0.0859375 0.1484375
0 0.5640625 0.1484375 0.103125 0.184375
0 0.15546875 0.12421875 0.1109375 0.0890625
0 0.25859375 0.12578125 0.0921875 0.0796875
0 0.353125 0.12734375 0.09375 0.0796875
0 0.4546875 0.128125 0.1 0.09375
0 0.159375 0.21484375 0.10625 0.0796875
0 0.27109375 0.20625 0.0953125 0.090625
0 0.36015625 0.2109375 0.0828125 0.09375
0 0.45625 0.21796875 0.096875 0.0859375
0 0.15546875 0.4390625 0.0734375 0.1625
0 0.22890625 0.41328125 0.0859375 0.1640625
0 0.37265625 0.70859375 0.0953125 0.1234375
0 0.2890625 0.71484375 0.08125 0.1171875
0 0.19296875 0.7140625 0.1171875 0.146875
0 0.30078125 0.909375 0.1140625 0.171875
0 0.4078125 0.90859375 0.09375 0.1640625
0 0.5 0.909375 0.075 0.16875
0 0.73515625 0.91875 0.1015625 0.153125
0 0.83203125 0.915625 0.0828125 0.14375
0 0.92265625 0.92109375 0.0890625 0.1421875