0 0.0734375 0.5671875 0.125 0.184375
0 0.20703125 0.56171875 0.1203125 0.1765625
0 0.321875 0.55546875 0.103125 0.1765625
0 0.453125 0.53359375 0.128125 0.2140625
0 0.1890625 0.1390625 0.121875 0.2375
0 0.35234375 0.1578125 0.1390625 0.20625
0 0.8015625 0.1734375 0.146875 0.196875
0 0.509375 0.15703125 0.13125 0.2328125
0 0.64296875 0.17421875 0.1171875 0.1953125
0 0.071875 0.88359375 0.140625 0.2296875
0 0.21171875 0.8890625 0.1359375 0.221875
0 0.34765625 0.9203125 0.1296875 0.153125
0 0.49765625 0.92265625 0.1359375 0.1546875
0 0.8671875 0.85703125 0.09375 0.2046875
0 0.63203125 0.87734375 0.1328125 0.2328125
0 0.7671875 0.88359375 0.103125 0.2109375
0 0.06875 0.1640625 0.103125 0.184375
0 0.95859375 0.86015625 0.0828125 0.1921875
0 0.9265625 0.16640625 0.09375 0.1953125
0 0.5796875 0.53671875 0.13125 0.2078125
0 0.7046875 0.50859375 0.121875 0.1984375
0 0.82109375 0.54375 0.1203125 0.2
0 0.9484375 0.53125 0.103125 0.2