0 0.06953125 0.28203125 0.0890625 0.1234375
0 0.1515625 0.2765625 0.06875 0.134375
0 0.20390625 0.09765625 0.0859375 0.1546875
0 0.4359375 0.28671875 0.05625 0.1265625
0 0.5 0.2828125 0.05 0.140625
0 0.50390625 0.8171875 0.0546875 0.103125
0 0.55234375 0.4171875 0.0640625 0.090625
0 0.6234375 0.4265625 0.059375 0.096875
0 0.69921875 0.4265625 0.0546875 0.1125
0 0.7546875 0.41875 0.05625 0.078125
0 0.69375 0.5734375 0.05625 0.078125
0 0.57578125 0.8203125 0.0546875 0.1125
0 0.28203125 0.09453125 0.0734375 0.1671875
0 0.3625 0.0984375 0.06875 0.1625
0 0.43046875 0.1015625 0.0546875 0.165625
0 0.5671875 0.28046875 0.059375 0.1234375
0 0.63203125 0.27890625 0.0703125 0.1203125
0 0.6984375 0.2765625 0.059375 0.121875
0 0.22109375 0.28671875 0.0828125 0.1515625
0 0.303125 0.28046875 0.08125 0.1484375
0 0.15 0.45625 0.071875 0.10625
0 0.23046875 0.453125 0.0609375 0.109375
0 0.76640625 0.28203125 0.0515625 0.1171875
0 0.82265625 0.2859375 0.0609375 0.11875
0 0.75703125 0.565625 0.0703125 0.090625
0 0.63515625 0.821875 0.0609375 0.11875
0 0.70234375 0.82734375 0.0671875 0.1078125
0 0.77578125 0.82265625 0.0640625 0.1109375
0 0.8421875 0.83046875 0.065625 0.0984375
0 0.175 0.61015625 0.065625 0.0890625
0 0.33203125 0.64140625 0.0671875 0.1390625
0 0.44140625 0.62578125 0.0765625 0.1296875
0 0.2625 0.63515625 0.071875 0.1203125
0 0.5609375 0.5625 0.059375 0.09375
0 0.6296875 0.55390625 0.05 0.0890625
0 0.5765625 0.69140625 0.059375 0.0953125
0 0.8171875 0.421875 0.059375 0.084375
0 0.903125 0.4265625 0.059375 0.09375
0 0.8890625 0.2625 0.06875 0.1
0 0.95078125 0.28046875 0.0578125 0.1109375