0 0.384375 0.17421875 0.165625 0.1578125
0 0.54765625 0.18203125 0.1515625 0.1484375
0 0.68984375 0.175 0.1390625 0.171875
0 0.24453125 0.18046875 0.1171875 0.1421875
0 0.13359375 0.36171875 0.1609375 0.1390625
0 0.284375 0.3765625 0.11875 0.128125
0 0.4203125 0.37421875 0.15 0.1546875
0 0.56796875 0.37421875 0.1140625 0.1328125
0 0.6828125 0.36953125 0.146875 0.1484375
0 0.825 0.375 0.128125 0.134375
0 0.13828125 0.51953125 0.1796875 0.1171875
0 0.29453125 0.534375 0.1359375 0.109375
0 0.41953125 0.540625 0.0953125 0.103125
0 0.54375 0.53125 0.134375 0.115625
0 0.67265625 0.53125 0.1234375 0.096875
0 0.15703125 0.68515625 0.0984375 0.1109375
0 0.275 0.69609375 0.11875 0.1015625
0 0.39609375 0.70078125 0.1296875 0.0828125
0 0.5296875 0.7046875 0.103125 0.0875
0 0.65546875 0.70234375 0.1328125 0.1046875
0 0.2359375 0.85546875 0.115625 0.1078125
0 0.37890625 0.83828125 0.1109375 0.1109375
0 0.5046875 0.83046875 0.121875 0.1078125
0 0.63359375 0.84140625 0.1203125 0.1203125
0 0.765625 0.85546875 0.11875 0.1015625
0 0.9296875 0.68515625 0.115625 0.1453125