0 0.2515625 0.2125 0.16875 0.109375
0 0.4125 0.2171875 0.1484375 0.1078125
0 0.55546875 0.21484375 0.1484375 0.1
0 0.70390625 0.2265625 0.1265625 0.09375
0 0.83359375 0.234375 0.109375 0.0921875
0 0.23359375 0.36328125 0.1828125 0.10625
0 0.40078125 0.35234375 0.15625 0.1171875
0 0.5421875 0.36328125 0.1359375 0.084375
0 0.66875 0.35390625 0.1234375 0.0921875
0 0.390625 0.503125 0.1515625 0.0796875
0 0.5359375 0.4953125 0.1328125 0.084375
0 0.7703125 0.478125 0.128125 0.06875
0 0.2609375 0.6265625 0.1640625 0.08125
0 0.41953125 0.621875 0.1375 0.0875
0 0.56328125 0.60546875 0.1140625 0.075
0 0.67421875 0.59765625 0.11875 0.0765625
0 0.78359375 0.5953125 0.115625 0.0796875
0 0.43125 0.7328125 0.1015625 0.084375
0 0.559375 0.72578125 0.10625 0.06875
0 0.78984375 0.7046875 0.1328125 0.071875
0 0.32109375 0.759375 0.11875 0.06875
0 0.328125 0.86875 0.1328125 0.08125
0 0.565625 0.834375 0.11875 0.0859375
0 0.6953125 0.82578125 0.1046875 0.08125