0 0.20703125 0.578125 0.1890625 0.15
0 0.38046875 0.59375 0.1265625 0.15
0 0.51796875 0.6 0.1328125 0.14375
0 0.6828125 0.6015625 0.15625 0.140625
0 0.8375 0.59921875 0.134375 0.1453125
0 0.26640625 0.7296875 0.1109375 0.109375
0 0.378125 0.73359375 0.109375 0.1296875
0 0.48828125 0.73359375 0.1078125 0.1234375
0 0.6 0.74609375 0.1 0.1265625
0 0.715625 0.753125 0.128125 0.13125
0 0.82421875 0.753125 0.0921875 0.125
0 0.27734375 0.86875 0.1140625 0.10625
0 0.39375 0.87578125 0.10625 0.0984375
0 0.628125 0.86796875 0.11875 0.1171875
0 0.76328125 0.88203125 0.1078125 0.0953125
0 0.88671875 0.409375 0.1984375 0.171875
0 0.69453125 0.3953125 0.1640625 0.18125
0 0.51171875 0.390625 0.1796875 0.171875
0 0.31328125 0.38984375 0.1453125 0.1640625
0 0.15859375 0.39609375 0.1515625 0.1484375
0 0.090625 0.14921875 0.175 0.2046875
0 0.27265625 0.1484375 0.1640625 0.196875
0 0.45859375 0.175 0.1640625 0.1875
0 0.65234375 0.19453125 0.1640625 0.1828125