0 0.3484375 0.21640625 0.23125 0.1984375
0 0.58671875 0.25 0.2046875 0.1671875
0 0.8234375 0.25859375 0.1890625 0.1609375
0 0.39296875 0.4265625 0.2203125 0.146875
0 0.60546875 0.446875 0.1515625 0.1203125
0 0.7859375 0.446875 0.16875 0.1296875
0 0.184375 0.58125 0.196875 0.1328125
0 0.36796875 0.578125 0.1484375 0.1359375
0 0.534375 0.59296875 0.1625 0.115625
0 0.71953125 0.60078125 0.134375 0.1171875
0 0.8921875 0.60546875 0.1703125 0.1203125
0 0.6453125 0.92265625 0.1234375 0.1078125
0 0.7796875 0.92421875 0.1171875 0.1015625
0 0.91875 0.9359375 0.134375 0.0859375
0 0.17890625 0.434375 0.2140625 0.1234375