0 0.22109375 0.38671875 0.18125 0.215625
0 0.41640625 0.3796875 0.1765625 0.203515625
0 0.6140625 0.3734375 0.171875 0.18515625
0 0.7890625 0.378125 0.15625 0.181640625
0 0.93671875 0.3828125 0.1265625 0.190625
0 0.91875 0.59375 0.162109375 0.155859375
0 0.4609375 0.61328125 0.153125 0.173046875
0 0.2765625 0.63828125 0.22265625 0.188671875
0 0.546875 0.1140625 0.150390625 0.18359375
0 0.7078125 0.1265625 0.134375 0.177734375
0 0.1546875 0.1125 0.171875 0.2
0 0.7640625 0.60234375 0.166015625 0.18125