0 0.59140625 0.203125 0.1734375 0.10625
0 0.4890625 0.36640625 0.159375 0.0953125
0 0.6453125 0.3578125 0.153125 0.103125
0 0.790625 0.3640625 0.1375 0.09375
0 0.36484375 0.51484375 0.1140625 0.0984375
0 0.62421875 0.5140625 0.1390625 0.10625
0 0.75546875 0.50546875 0.1296875 0.0984375
0 0.890625 0.50390625 0.128125 0.1109375
0 0.50234375 0.64765625 0.1390625 0.0890625
0 0.628125 0.63984375 0.1125 0.0953125
0 0.75078125 0.64296875 0.1140625 0.1046875
0 0.87265625 0.64375 0.1296875 0.10625
0 0.27421875 0.771875 0.1296875 0.096875
0 0.415625 0.77890625 0.134375 0.0953125
0 0.54296875 0.77109375 0.1046875 0.0984375
0 0.65546875 0.7703125 0.1140625 0.1
0 0.77265625 0.76953125 0.1234375 0.1078125
0 0.890625 0.7671875 0.096875 0.10625
0 0.315625 0.89765625 0.11875 0.0953125
0 0.196875 0.51796875 0.1625 0.0921875
0 0.78203125 0.209375 0.1640625 0.0875
0 0.06875 0.65078125 0.134375 0.0796875
0 0.434375 0.8953125 0.1 0.096875