0 0.1703125 0.13828125 0.171875 0.1640625
0 0.3203125 0.1390625 0.11875 0.15
0 0.4625 0.14609375 0.140625 0.1484375
0 0.6015625 0.14375 0.11875 0.146875
0 0.7359375 0.15078125 0.134375 0.1421875
0 0.8875 0.14609375 0.16875 0.1796875
0 0.059375 0.33203125 0.10625 0.1296875
0 0.06484375 0.50234375 0.1265625 0.1390625
0 0.23203125 0.48359375 0.1265625 0.1328125
0 0.19609375 0.31484375 0.1390625 0.1453125
0 0.33671875 0.3109375 0.1265625 0.14375
0 0.46953125 0.30546875 0.1421875 0.1515625
0 0.6078125 0.3234375 0.13125 0.140625
0 0.7359375 0.33828125 0.11875 0.1328125
0 0.88125 0.33359375 0.13125 0.0984375
0 0.8609375 0.4984375 0.14375 0.140625
0 0.71875 0.50234375 0.13125 0.1296875
0 0.58359375 0.5015625 0.1140625 0.109375
0 0.44609375 0.484375 0.1609375 0.159375
0 0.221875 0.6234375 0.125 0.11875
0 0.46640625 0.63125 0.1078125 0.1
0 0.59296875 0.6296875 0.1234375 0.115625
0 0.721875 0.62421875 0.115625 0.1046875
0 0.83828125 0.6328125 0.1046875 0.09375
0 0.43671875 0.76640625 0.1203125 0.1140625
0 0.55390625 0.7625 0.1140625 0.1125
0 0.69375 0.76015625 0.125 0.1078125
0 0.8203125 0.7609375 0.11875 0.1125
0 0.07265625 0.8 0.1109375 0.09375
0 0.2359375 0.89921875 0.09375 0.0734375
0 0.4359375 0.8828125 0.103125 0.075
0 0.5421875 0.88984375 0.09375 0.0703125