0 0.49375 0.56953125 0.19609375 0.16171875
0 0.5578125 0.34453125 0.21953125 0.1875
0 0.10625 0.28671875 0.2 0.17578125
0 0.29296875 0.53125 0.18359375 0.16484375
0 0.09296875 0.50390625 0.1765625 0.171875
0 0.45625 0.753125 0.18671875 0.1484375
0 0.1015625 0.690625 0.153125 0.1390625
0 0.08828125 0.853125 0.15390625 0.11015625
0 0.28046875 0.88125 0.1546875 0.12734375
0 0.4625 0.91484375 0.18828125 0.1203125
0 0.72890625 0.6125 0.2015625 0.16171875
0 0.6859375 0.796875 0.19609375 0.16796875
0 0.88125 0.82578125 0.215625 0.140625