0 0.56171875 0.1046875 0.0921875 0.15625
0 0.65390625 0.1109375 0.0765625 0.15
0 0.740625 0.1140625 0.096875 0.16875
0 0.56328125 0.29921875 0.0890625 0.1359375
0 0.6453125 0.2828125 0.075 0.11875
0 0.94921875 0.2828125 0.0890625 0.14375
0 0.875 0.4609375 0.090625 0.121875
0 0.25859375 0.65390625 0.0859375 0.1359375
0 0.340625 0.64765625 0.0625 0.1203125
0 0.4046875 0.640625 0.065625 0.121875
0 0.46953125 0.3015625 0.0984375 0.153125
0 0.47890625 0.48515625 0.0859375 0.1078125
0 0.153125 0.5125 0.084375 0.121875
0 0.47734375 0.63828125 0.0703125 0.1046875
0 0.2171875 0.93984375 0.065625 0.1171875
0 0.14296875 0.9328125 0.0734375 0.128125
0 0.1421875 0.7984375 0.078125 0.121875
0 0.24921875 0.79453125 0.0640625 0.1140625
0 0.31484375 0.78359375 0.0515625 0.1234375
0 0.2859375 0.9421875 0.075 0.115625
0 0.5 0.90078125 0.0625 0.1109375
0 0.5765625 0.90859375 0.059375 0.1171875
0 0.6359375 0.90625 0.05 0.11875
0 0.7109375 0.896875 0.0625 0.09375
0 0.78046875 0.88984375 0.0671875 0.1140625
0 0.85 0.88828125 0.059375 0.1171875
0 0.63828125 0.7734375 0.0609375 0.125
0 0.7875 0.27578125 0.0875 0.1140625
0 0.56328125 0.6265625 0.0640625 0.140625
0 0.71328125 0.45546875 0.0984375 0.1359375
0 0.23828125 0.49765625 0.0640625 0.1046875
0 0.66875 0.61171875 0.065625 0.1015625