0 0.16171875 0.16015625 0.2828125 0.225
0 0.45078125 0.2 0.2296875 0.1859375
0 0.7109375 0.19921875 0.2703125 0.1953125
0 0.4328125 0.40234375 0.203125 0.121875
0 0.64296875 0.40234375 0.228125 0.146875
0 0.88046875 0.40625 0.2 0.1515625
0 0.23203125 0.396875 0.2 0.125
0 0.2375 0.54921875 0.146875 0.1375
0 0.75703125 0.57890625 0.20625 0.1265625
0 0.40546875 0.5640625 0.153125 0.1171875
0 0.571875 0.56953125 0.1484375 0.11875
0 0.534375 0.68515625 0.1265625 0.078125
0 0.65625 0.69609375 0.10625 0.09375
0 0.76875 0.70625 0.1125 0.084375
0 0.92265625 0.70859375 0.1546875 0.1140625
0 0.65234375 0.80703125 0.109375 0.0703125
0 0.8265625 0.8234375 0.128125 0.0796875
0 0.3046875 0.87890625 0.1234375 0.0796875
0 0.43671875 0.89140625 0.1109375 0.0875