0 0.35078125 0.53515625 0.1796875 0.1546875
0 0.528125 0.54921875 0.171875 0.1515625
0 0.72265625 0.553125 0.1953125 0.171875
0 0.8953125 0.3375 0.209375 0.190625
0 0.4921875 0.3296875 0.178125 0.171875
0 0.33515625 0.33203125 0.1453125 0.1765625
0 0.403125 0.11484375 0.196875 0.2015625
0 0.61875 0.10859375 0.221875 0.2140625
0 0.1828125 0.3296875 0.15625 0.159375
0 0.1265625 0.55390625 0.15625 0.1515625
0 0.6359375 0.91015625 0.1875 0.1578125
0 0.81015625 0.91484375 0.1203125 0.1515625
0 0.21015625 0.12734375 0.1796875 0.1703125
0 0.25234375 0.73984375 0.1421875 0.1515625
0 0.7171875 0.75 0.1375 0.1125