0 0.125 0.4171875 0.228125 0.071875
0 0.34921875 0.41328125 0.2078125 0.0859375
0 0.5875 0.41796875 0.228125 0.0578125
0 0.82578125 0.4140625 0.2234375 0.0625
0 0.14140625 0.54453125 0.2296875 0.0734375
0 0.3765625 0.52890625 0.2375 0.0796875
0 0.609375 0.5375 0.228125 0.078125
0 0.8484375 0.53515625 0.24375 0.0765625
0 0.25 0.1515625 0.16875 0.09375
0 0.503125 0.13984375 0.2 0.1015625
0 0.271875 0.275 0.184375 0.084375
0 0.403125 0.84140625 0.190625 0.0546875
0 0.2015625 0.846875 0.20625 0.05625
0 0.28984375 0.75859375 0.2234375 0.0453125
0 0.5359375 0.76015625 0.23125 0.0421875
0 0.88125 0.759375 0.228125 0.04375
0 0.8765625 0.71953125 0.240625 0.0578125
0 0.61328125 0.84609375 0.2140625 0.0640625
0 0.8265625 0.85234375 0.20625 0.0734375
0 0.4140625 0.975 0.19375 0.046875
0 0.20703125 0.96875 0.2046875 0.046875
0 0.63125 0.9671875 0.228125 0.04375
0 0.86171875 0.96484375 0.2296875 0.0453125