0 0.27421875 0.3484375 0.139453125 0.100390625
0 0.4109375 0.33984375 0.11484375 0.1046875
0 0.5421875 0.3359375 0.12265625 0.10390625
0 0.6734375 0.34375 0.116015625 0.1
0 0.7921875 0.334375 0.121484375 0.115625
0 0.68671875 0.4828125 0.125 0.115625
0 0.809375 0.48671875 0.116015625 0.1265625
0 0.5609375 0.4875 0.119140625 0.102734375
0 0.446875 0.484375 0.115234375 0.103125
0 0.32578125 0.49609375 0.10625 0.090625
0 0.22734375 0.49375 0.103125 0.109375
0 0.5390625 0.18125 0.125 0.11875
0 0.3453125 0.19140625 0.11015625 0.11875
0 0.11484375 0.20078125 0.133203125 0.117578125
0 0.23828125 0.20859375 0.092578125 0.079296875
0 0.15546875 0.640625 0.1015625 0.109765625
0 0.27421875 0.64375 0.10625 0.109375
0 0.409375 0.6390625 0.12421875 0.10390625
0 0.559375 0.64140625 0.11328125 0.089453125
0 0.684375 0.64375 0.11328125 0.09375
0 0.82109375 0.6625 0.1359375 0.102734375
0 0.75859375 0.815625 0.134375 0.1375
0 0.60859375 0.815625 0.120703125 0.122265625
0 0.48359375 0.815625 0.133203125 0.122265625
0 0.3484375 0.8171875 0.128125 0.1375
0 0.22421875 0.80625 0.1265625 0.133984375
0 0.38828125 0.96171875 0.18125 0.075
0 0.58984375 0.9578125 0.1359375 0.084375