0 0.2765625 0.20078125 0.165625 0.176171875
0 0.44453125 0.2015625 0.1703125 0.190625
0 0.603125 0.22578125 0.128515625 0.1203125
0 0.75859375 0.20625 0.18125 0.183984375
0 0.44375 0.4 0.175390625 0.162890625
0 0.61796875 0.41171875 0.1609375 0.153125
0 0.115625 0.42578125 0.159765625 0.126171875
0 0.809375 0.415625 0.174609375 0.159375
0 0.1140625 0.590625 0.14765625 0.134375
0 0.2859375 0.5890625 0.158984375 0.12734375
0 0.43984375 0.59921875 0.1296875 0.1171875
0 0.55546875 0.609375 0.108203125 0.090625
0 0.66484375 0.60859375 0.095703125 0.086328125
0 0.1140625 0.77421875 0.15234375 0.121875
0 0.26796875 0.7734375 0.141796875 0.133984375
0 0.440625 0.7390625 0.11953125 0.103125
0 0.58359375 0.7625 0.130078125 0.116015625
0 0.75390625 0.7703125 0.139453125 0.134375
0 0.9140625 0.78125 0.130859375 0.147265625