0 0.0796875 0.7796875 0.0875 0.14375
0 0.2625 0.61640625 0.059375 0.1109375
0 0.2 0.465625 0.096875 0.121875
0 0.284375 0.46640625 0.078125 0.1171875
0 0.365625 0.4625 0.075 0.128125
0 0.6859375 0.290625 0.090625 0.15
0 0.77265625 0.29453125 0.0796875 0.1296875
0 0.8640625 0.29375 0.1 0.134375
0 0.0703125 0.621875 0.06875 0.121875
0 0.09140625 0.3046875 0.0890625 0.11875
0 0.42265625 0.10859375 0.0984375 0.1609375
0 0.221875 0.7796875 0.078125 0.115625
0 0.07578125 0.93203125 0.0921875 0.1359375
0 0.5390625 0.93046875 0.078125 0.1359375
0 0.615625 0.9203125 0.08125 0.146875
0 0.21015625 0.93828125 0.0765625 0.1234375
0 0.5359375 0.75703125 0.071875 0.1171875
0 0.70234375 0.9328125 0.0703125 0.1125
0 0.7734375 0.93046875 0.065625 0.1109375
0 0.83671875 0.92265625 0.0609375 0.1109375
0 0.52578125 0.10703125 0.0890625 0.1453125
0 0.61484375 0.09453125 0.0765625 0.1546875
0 0.9484375 0.1046875 0.103125 0.159375
0 0.565625 0.2984375 0.071875 0.121875
0 0.44375 0.3015625 0.08125 0.11875