0 0.3890625 0.2203125 0.353125 0.065625
0 0.74765625 0.22734375 0.3421875 0.0703125
0 0.746875 0.2890625 0.3375 0.065625
0 0.38828125 0.28828125 0.3421875 0.0640625
0 0.26015625 0.42109375 0.3015625 0.0609375
0 0.2078125 0.4765625 0.29375 0.06875
0 0.5109375 0.47734375 0.29375 0.0578125
0 0.8140625 0.42421875 0.29375 0.0609375
0 0.8078125 0.48671875 0.29375 0.0734375
0 0.59296875 0.6 0.2078125 0.1375
0 0.33828125 0.58203125 0.2765625 0.0609375
0 0.33125 0.6453125 0.284375 0.065625
0 0.440625 0.74296875 0.296875 0.0515625
0 0.44453125 0.7953125 0.2953125 0.05625
0 0.1484375 0.7390625 0.29375 0.059375
0 0.15234375 0.8 0.2921875 0.0625
0 0.68125 0.75 0.153125 0.13125
0 0.83125 0.75 0.15 0.128125
0 0.47578125 0.90546875 0.3140625 0.0546875
0 0.78515625 0.909375 0.2859375 0.05625
0 0.16640625 0.903125 0.3109375 0.05
0 0.48203125 0.953125 0.3015625 0.046875
0 0.78671875 0.95234375 0.2765625 0.0421875