0 0.68203125 0.25625 0.153125 0.112109375
0 0.87890625 0.265625 0.19375 0.115234375
0 0.52109375 0.078125 0.183203125 0.10546875
0 0.2171875 0.24375 0.14609375 0.119140625
0 0.196875 0.43203125 0.146875 0.101953125
0 0.365625 0.43203125 0.158984375 0.110546875
0 0.521875 0.43359375 0.15546875 0.115625
0 0.690625 0.4375 0.183984375 0.125390625
0 0.3359375 0.57421875 0.124609375 0.1046875
0 0.48515625 0.59921875 0.133203125 0.111328125
0 0.640625 0.61875 0.168359375 0.1125
0 0.81640625 0.62421875 0.166796875 0.1265625
0 0.2046875 0.584375 0.124609375 0.091015625
0 0.16171875 0.7609375 0.11875 0.09765625
0 0.28671875 0.771875 0.104296875 0.09453125
0 0.40859375 0.78359375 0.129296875 0.09375
0 0.87734375 0.828125 0.180078125 0.12421875