0 0.628125 0.378125 0.25 0.115625
0 0.765625 0.2390625 0.321875 0.08125
0 0.41328125 0.240625 0.3671875 0.075
0 0.325 0.3953125 0.278125 0.0875
0 0.36328125 0.56484375 0.2890625 0.0640625
0 0.65 0.54765625 0.284375 0.0765625
0 0.9015625 0.54453125 0.196875 0.0640625
0 0.10703125 0.5671875 0.2078125 0.08125
0 0.39453125 0.71484375 0.2640625 0.0921875
0 0.68203125 0.684375 0.2828125 0.103125
0 0.92734375 0.6796875 0.1453125 0.075
0 0.56796875 0.82265625 0.2046875 0.1046875
0 0.77421875 0.81328125 0.1984375 0.1109375
0 0.3375 0.8453125 0.25 0.10625
0 0.0984375 0.853125 0.19375 0.125
0 0.1109375 0.21875 0.215625 0.125