0 0.15703125 0.24296875 0.2546875 0.1421875
0 0.47890625 0.11015625 0.2890625 0.1515625
0 0.4453125 0.24765625 0.29375 0.1265625
0 0.84140625 0.09921875 0.3171875 0.1796875
0 0.7859375 0.25703125 0.321875 0.1453125
0 0.1421875 0.45078125 0.24375 0.0703125
0 0.421875 0.471875 0.275 0.103125
0 0.6859375 0.4890625 0.278125 0.10625
0 0.63984375 0.709375 0.2734375 0.084375
0 0.37890625 0.69609375 0.2578125 0.0828125
0 0.13359375 0.6546875 0.2515625 0.09375
0 0.89453125 0.72421875 0.2109375 0.0828125
0 0.8765625 0.77734375 0.246875 0.0953125
0 0.11875 0.8 0.19375 0.05625
0 0.1140625 0.84921875 0.196875 0.0578125
0 0.3234375 0.83125 0.20625 0.071875
0 0.31640625 0.86953125 0.2203125 0.0734375
0 0.53984375 0.8484375 0.2203125 0.05
0 0.51484375 0.8875 0.1828125 0.046875
0 0.75703125 0.8796875 0.2328125 0.075
0 0.73984375 0.921875 0.2359375 0.078125