0 0.13828125 0.4484375 0.189453125 0.23515625
0 0.47890625 0.43203125 0.166796875 0.223828125
0 0.6703125 0.43828125 0.175390625 0.239453125
0 0.85078125 0.409375 0.1515625 0.19921875
0 0.89453125 0.12578125 0.173828125 0.25
0 0.47578125 0.14609375 0.176171875 0.2859375
0 0.284375 0.16953125 0.196484375 0.2765625
0 0.4171875 0.6859375 0.175 0.175390625
0 0.8109375 0.703125 0.178125 0.205859375
0 0.31953125 0.8953125 0.158203125 0.143359375
0 0.47734375 0.9046875 0.134375 0.16640625
0 0.83203125 0.8859375 0.211328125 0.162109375