0 0.14765625 0.4328125 0.2546875 0.24375
0 0.42421875 0.67890625 0.2296875 0.1828125
0 0.40625 0.42421875 0.259375 0.2453125
0 0.16640625 0.13515625 0.2859375 0.2671875
0 0.6984375 0.15078125 0.25 0.2484375
0 0.66953125 0.43359375 0.2109375 0.2078125
0 0.44140625 0.903125 0.2328125 0.171875
0 0.215625 0.91015625 0.209375 0.1796875
0 0.65703125 0.6796875 0.2140625 0.184375
0 0.88359375 0.43828125 0.1921875 0.2140625
0 0.453125 0.140625 0.228125 0.253125
0 0.88125 0.675 0.209375 0.18125
0 0.19609375 0.6859375 0.2234375 0.19375
0 0.678125 0.8828125 0.203125 0.165625
0 0.87734375 0.8765625 0.1640625 0.171875