0 0.39921875 0.53828125 0.1453125 0.1171875
0 0.553125 0.53515625 0.1625 0.1296875
0 0.5140625 0.31328125 0.115625 0.1484375
0 0.653125 0.32265625 0.128125 0.1609375
0 0.8390625 0.3171875 0.134375 0.16875
0 0.37578125 0.31875 0.1234375 0.15625
0 0.2125 0.32109375 0.121875 0.1453125
0 0.06171875 0.31953125 0.1109375 0.1546875
0 0.07734375 0.12734375 0.1140625 0.1671875
0 0.1953125 0.1046875 0.134375 0.15
0 0.3328125 0.11015625 0.128125 0.1734375
0 0.4796875 0.1015625 0.140625 0.178125
0 0.6265625 0.09609375 0.140625 0.1671875
0 0.77265625 0.0796875 0.1359375 0.146875
0 0.92890625 0.08515625 0.1328125 0.1578125
0 0.3140625 0.90703125 0.115625 0.1578125
0 0.19296875 0.8984375 0.1109375 0.159375
0 0.47734375 0.91328125 0.1484375 0.1578125
0 0.64921875 0.921875 0.1515625 0.15625
0 0.8046875 0.921875 0.14375 0.15625
0 0.73203125 0.75859375 0.1421875 0.1765625
0 0.87265625 0.75390625 0.1296875 0.1671875
0 0.11953125 0.52109375 0.1265625 0.1296875
0 0.2921875 0.7140625 0.115625 0.134375
0 0.484375 0.73515625 0.134375 0.1296875