0 0.296875 0.125 0.24296875 0.153125
0 0.56875 0.121875 0.2265625 0.1390625
0 0.778125 0.13046875 0.171875 0.125
0 0.81875 0.3828125 0.2796875 0.178125
0 0.54296875 0.36171875 0.21171875 0.178125
0 0.103125 0.3578125 0.2 0.15234375
0 0.353125 0.60078125 0.209375 0.15625
0 0.1359375 0.59375 0.203125 0.1359375
0 0.57890625 0.6 0.221875 0.16171875
0 0.11796875 0.803125 0.1890625 0.171875
0 0.315625 0.81484375 0.18125 0.16171875
0 0.54453125 0.834375 0.23046875 0.14140625
0 0.77421875 0.84140625 0.225 0.16015625