0 0.19921875 0.42265625 0.21796875 0.134375
0 0.18828125 0.21015625 0.2546875 0.1265625
0 0.4234375 0.2109375 0.19453125 0.146875
0 0.69140625 0.22109375 0.22890625 0.14765625
0 0.9140625 0.23046875 0.171875 0.140625
0 0.4671875 0.41328125 0.20078125 0.15703125
0 0.4359375 0.6375 0.209375 0.1328125
0 0.2046875 0.6171875 0.1890625 0.13203125
0 0.66875 0.440625 0.1984375 0.15
0 0.6484375 0.65 0.18984375 0.15703125
0 0.884375 0.66640625 0.215625 0.17265625
0 0.4 0.84765625 0.190625 0.1421875
0 0.59609375 0.85 0.1796875 0.16484375
0 0.78125 0.871875 0.18671875 0.16171875
0 0.94296875 0.88671875 0.1140625 0.1296875