0 0.16484375 0.21796875 0.0890625 0.153125
0 0.24453125 0.21953125 0.0703125 0.1296875
0 0.5625 0.2203125 0.084375 0.1671875
0 0.63828125 0.2046875 0.06875 0.159375
0 0.86484375 0.38203125 0.0921875 0.15
0 0.946875 0.37109375 0.0625 0.140625
0 0.8265625 0.2109375 0.090625 0.15
0 0.7828125 0.378125 0.0734375 0.1375
0 0.68671875 0.3734375 0.0921875 0.1390625
0 0.584375 0.3875 0.0734375 0.1390625
0 0.45859375 0.39765625 0.0890625 0.1296875
0 0.215625 0.3953125 0.08125 0.1234375
0 0.07890625 0.39453125 0.084375 0.15
0 0.10546875 0.54296875 0.0734375 0.115625
0 0.17109375 0.53671875 0.0625 0.109375
0 0.26640625 0.55703125 0.065625 0.121875
0 0.39375 0.559375 0.0765625 0.1265625
0 0.46328125 0.559375 0.0625 0.1171875
0 0.53828125 0.56328125 0.065625 0.115625
0 0.6109375 0.571875 0.0671875 0.109375
0 0.68203125 0.53984375 0.0796875 0.1421875
0 0.76328125 0.5453125 0.0703125 0.1140625
0 0.84453125 0.55546875 0.071875 0.1203125
0 0.34140625 0.696875 0.0734375 0.096875
0 0.40546875 0.7046875 0.059375 0.1171875
0 0.4703125 0.7140625 0.06875 0.1359375
0 0.1734375 0.6953125 0.0765625 0.1234375
0 0.0984375 0.69453125 0.0859375 0.1171875
0 0.2484375 0.7078125 0.0609375 0.1125
0 0.121875 0.828125 0.1 0.115625
0 0.4296875 0.83125 0.06875 0.1296875
0 0.29609375 0.9453125 0.0734375 0.1015625
0 0.134375 0.93828125 0.0671875 0.0984375
0 0.39453125 0.94140625 0.0671875 0.0984375
0 0.46796875 0.9453125 0.0625 0.0953125
0 0.43203125 0.821875 0.065625 0.1109375
0 0.90625 0.67890625 0.090625 0.1140625
0 0.73984375 0.68515625 0.071875 0.109375
0 0.33359375 0.396875 0.08125 0.146875
0 0.83046875 0.85390625 0.0375 0.090625
0 0.746875 0.86640625 0.04375 0.0890625
0 0.5328125 0.9203125 0.046875 0.103125
0 0.63203125 0.85625 0.03125 0.0703125
0 0.6734375 0.8671875 0.03125 0.078125
0 0.2734375 0.8125 0.0625 0.1046875
0 0.040625 0.21875 0.08125 0.140625