0 0.08359375 0.76640625 0.1484375 0.1359375
0 0.2484375 0.765625 0.165625 0.146875
0 0.43046875 0.765625 0.1796875 0.165625
0 0.62734375 0.77109375 0.1765625 0.1640625
0 0.821875 0.79140625 0.165625 0.1421875
0 0.6546875 0.575 0.20625 0.121875
0 0.8640625 0.57578125 0.203125 0.1328125
0 0.446875 0.57265625 0.18125 0.1421875
0 0.246875 0.56953125 0.2 0.1359375
0 0.15625 0.359375 0.234375 0.14375
0 0.6578125 0.35390625 0.2 0.1390625
0 0.41484375 0.3671875 0.2390625 0.1125
0 0.4984375 0.09375 0.215625 0.1625
0 0.2484375 0.0984375 0.225 0.153125
0 0.090625 0.940625 0.16875 0.11875
0 0.26484375 0.9390625 0.1546875 0.121875
0 0.440625 0.93515625 0.159375 0.1140625
0 0.61171875 0.93984375 0.1640625 0.1203125
0 0.8078125 0.94296875 0.178125 0.1140625