0 0.640625 0.15859375 0.17421875 0.1625
0 0.81484375 0.15859375 0.1640625 0.1796875
0 0.32265625 0.16015625 0.18125 0.1828125
0 0.4890625 0.1671875 0.14140625 0.15
0 0.17890625 0.34921875 0.1265625 0.11875
0 0.3046875 0.35546875 0.11484375 0.1078125
0 0.40234375 0.3484375 0.11875 0.11015625
0 0.5390625 0.34296875 0.13515625 0.1171875
0 0.6609375 0.34765625 0.10625 0.0921875
0 0.77578125 0.33671875 0.128125 0.125
0 0.23515625 0.48125 0.1234375 0.11171875
0 0.35234375 0.48515625 0.1328125 0.1046875
0 0.471875 0.47734375 0.121875 0.0984375
0 0.5734375 0.47421875 0.07890625 0.08125
0 0.5359375 0.58125 0.08984375 0.09296875
0 0.62734375 0.5765625 0.0921875 0.08359375
0 0.7296875 0.571875 0.1 0.084375
0 0.3234375 0.59296875 0.10390625 0.0984375