0 0.68203125 0.25625 0.153125 0.11171875
0 0.87890625 0.265625 0.19375 0.11484375
0 0.52109375 0.078125 0.18359375 0.1046875
0 0.2171875 0.24375 0.1453125 0.11953125
0 0.196875 0.43203125 0.146875 0.10234375
0 0.365625 0.43203125 0.15859375 0.11015625
0 0.521875 0.43359375 0.1546875 0.115625
0 0.690625 0.4375 0.18359375 0.12578125
0 0.3359375 0.57421875 0.12421875 0.1046875
0 0.48515625 0.59921875 0.13359375 0.11171875
0 0.640625 0.61875 0.16796875 0.1125
0 0.81640625 0.62421875 0.16640625 0.1265625
0 0.2046875 0.584375 0.12421875 0.09140625
0 0.16171875 0.7609375 0.11875 0.0984375
0 0.28671875 0.771875 0.10390625 0.0953125
0 0.40859375 0.78359375 0.12890625 0.09375
0 0.87734375 0.828125 0.18046875 0.1234375