0 0.103125 0.284375 0.1984375 0.26328125
0 0.30625 0.26328125 0.18984375 0.29375
0 0.4921875 0.27890625 0.19375 0.2359375
0 0.67109375 0.290625 0.16015625 0.1890625
0 0.8671875 0.26015625 0.19453125 0.24609375
0 0.66953125 0.57421875 0.16484375 0.2140625
0 0.8453125 0.56953125 0.16640625 0.2296875
0 0.48046875 0.5765625 0.15859375 0.20625
0 0.3265625 0.57734375 0.1453125 0.20859375
0 0.1625 0.60234375 0.159375 0.20625
0 0.18984375 0.86484375 0.16015625 0.17578125
0 0.35625 0.84453125 0.1609375 0.20859375
0 0.52578125 0.83984375 0.15546875 0.18359375
0 0.69453125 0.84921875 0.15859375 0.19609375
0 0.84375 0.821875 0.140625 0.190625