0 0.1 0.31328125 0.10625 0.1515625
0 0.20859375 0.3125 0.1046875 0.15
0 0.31640625 0.3046875 0.1109375 0.178125
0 0.428125 0.29765625 0.09375 0.1765625
0 0.5390625 0.2984375 0.11875 0.178125
0 0.6609375 0.30546875 0.115625 0.1671875
0 0.26484375 0.08984375 0.0546875 0.1484375
0 0.35546875 0.08671875 0.0578125 0.1640625
0 0.42109375 0.09140625 0.0640625 0.1765625
0 0.49921875 0.075 0.0421875 0.11875
0 0.55078125 0.07265625 0.0453125 0.1078125
0 0.5953125 0.0734375 0.04375 0.115625
0 0.63984375 0.06953125 0.0359375 0.1265625
0 0.684375 0.071875 0.04375 0.10625
0 0.73046875 0.08203125 0.0390625 0.1109375
0 0.80234375 0.090625 0.1015625 0.165625
0 0.14375 0.0921875 0.10625 0.15625
0 0.8875 0.30625 0.096875 0.16875
0 0.47734375 0.49609375 0.1171875 0.1546875
0 0.5921875 0.51015625 0.1 0.1421875
0 0.70546875 0.50390625 0.0890625 0.1578125
0 0.80390625 0.50625 0.0796875 0.15625
0 0.1265625 0.53984375 0.075 0.0953125
0 0.18671875 0.7140625 0.0953125 0.134375
0 0.2890625 0.68984375 0.075 0.1390625
0 0.40234375 0.69453125 0.0890625 0.1390625
0 0.51328125 0.69765625 0.0796875 0.1234375
0 0.5921875 0.70546875 0.0875 0.1046875
0 0.675 0.6953125 0.071875 0.103125
0 0.81328125 0.68125 0.0953125 0.1375
0 0.9078125 0.67265625 0.0875 0.1359375
0 0.88203125 0.88515625 0.0953125 0.1203125
0 0.80078125 0.87890625 0.0796875 0.1390625
0 0.7171875 0.890625 0.090625 0.125
0 0.56328125 0.896875 0.0921875 0.140625
0 0.40390625 0.89453125 0.0984375 0.1265625
0 0.30703125 0.90234375 0.0953125 0.1421875
0 0.2078125 0.90859375 0.115625 0.1265625
0 0.48359375 0.503125 0.1046875 0.16875
0 0.59921875 0.70078125 0.0828125 0.1234375
0 0.896875 0.50859375 0.084375 0.1921875
0 0.3703125 0.53046875 0.090625 0.1296875
0 0.48828125 0.8796875 0.0765625 0.146875