0 0.17109375 0.30546875 0.1296875 0.1296875
0 0.315625 0.31484375 0.140625 0.1203125
0 0.4578125 0.30859375 0.140625 0.1265625
0 0.6015625 0.30859375 0.140625 0.1390625
0 0.7265625 0.31953125 0.1125 0.1328125
0 0.859375 0.3234375 0.15 0.128125
0 0.18984375 0.49140625 0.1234375 0.0984375
0 0.321875 0.49375 0.125 0.0875
0 0.31875 0.6484375 0.13125 0.096875
0 0.565625 0.6421875 0.109375 0.096875
0 0.67734375 0.63984375 0.1140625 0.1109375
0 0.7890625 0.64609375 0.103125 0.1109375
0 0.47421875 0.50703125 0.1359375 0.1078125
0 0.70390625 0.51015625 0.1078125 0.1015625
0 0.43515625 0.77890625 0.1140625 0.1140625
0 0.55 0.7796875 0.1125 0.1125
0 0.6640625 0.78203125 0.109375 0.1140625
0 0.19140625 0.7765625 0.1109375 0.084375
0 0.2 0.6375 0.096875 0.103125
0 0.44296875 0.63828125 0.0921875 0.0984375
0 0.0609375 0.6734375 0.11875 0.11875
0 0.06015625 0.78828125 0.1171875 0.1078125
0 0.75234375 0.91796875 0.1234375 0.1015625
0 0.6359375 0.9234375 0.115625 0.0625