0 0.47734375 0.27890625 0.2015625 0.1640625
0 0.68671875 0.26953125 0.1953125 0.1546875
0 0.9046875 0.259375 0.175 0.165625
0 0.0859375 0.2890625 0.1625 0.13125
0 0.26953125 0.27578125 0.1890625 0.1640625
0 0.54921875 0.5140625 0.1796875 0.1625
0 0.73515625 0.5140625 0.1765625 0.15625
0 0.9234375 0.51484375 0.153125 0.1328125
0 0.35546875 0.5234375 0.1765625 0.15625
0 0.15859375 0.521875 0.1828125 0.159375
0 0.19609375 0.7484375 0.1609375 0.125
0 0.36640625 0.75234375 0.1796875 0.1265625
0 0.55 0.74921875 0.18125 0.1296875
0 0.7375 0.74375 0.19375 0.134375
0 0.91953125 0.74375 0.1609375 0.1375