0 0.296875 0.125 0.243359375 0.153125
0 0.56875 0.121875 0.22578125 0.13828125
0 0.778125 0.13046875 0.171875 0.125
0 0.81875 0.3828125 0.28046875 0.178125
0 0.54296875 0.36171875 0.211328125 0.178125
0 0.103125 0.3578125 0.2 0.152734375
0 0.353125 0.60078125 0.209375 0.15625
0 0.1359375 0.59375 0.203125 0.13671875
0 0.57890625 0.6 0.221875 0.162109375
0 0.11796875 0.803125 0.1890625 0.171875
0 0.315625 0.81484375 0.18125 0.161328125
0 0.54453125 0.834375 0.230078125 0.141015625
0 0.77421875 0.84140625 0.225 0.160546875