0 0.1109375 0.17578125 0.15625 0.1703125
0 0.265625 0.2015625 0.125 0.146875
0 0.553125 0.14375 0.2125 0.271875
0 0.153125 0.365625 0.128125 0.125
0 0.3890625 0.20703125 0.109375 0.1484375
0 0.28515625 0.3765625 0.1234375 0.103125
0 0.4203125 0.3734375 0.13125 0.11875
0 0.85078125 0.3859375 0.1484375 0.140625
0 0.696875 0.3921875 0.128125 0.134375
0 0.1765625 0.525 0.15 0.14375
0 0.3296875 0.53203125 0.14375 0.1390625
0 0.465625 0.54140625 0.134375 0.1359375
0 0.5890625 0.55 0.109375 0.096875
0 0.70703125 0.54921875 0.1078125 0.1234375
0 0.83984375 0.54140625 0.1296875 0.1296875
0 0.16875 0.684375 0.103125 0.115625
0 0.28828125 0.68046875 0.1046875 0.1171875
0 0.41015625 0.6890625 0.1140625 0.1125
0 0.54921875 0.68046875 0.1109375 0.0921875
0 0.67734375 0.675 0.1109375 0.1
0 0.8046875 0.68515625 0.1125 0.0890625
0 0.93984375 0.6984375 0.1078125 0.1125
0 0.90859375 0.8546875 0.0921875 0.109375
0 0.6875 0.81875 0.103125 0.1125
0 0.28203125 0.803125 0.1140625 0.10625