0 0.69453125 0.50546875 0.1015625 0.1296875
0 0.809375 0.09921875 0.14375 0.1953125
0 0.6640625 0.0890625 0.146875 0.171875
0 0.18984375 0.309375 0.0890625 0.14375
0 0.34453125 0.31640625 0.0734375 0.1265625
0 0.50078125 0.3296875 0.0859375 0.128125
0 0.6171875 0.3296875 0.0875 0.109375
0 0.71640625 0.33671875 0.0890625 0.1171875
0 0.52265625 0.75078125 0.0796875 0.1046875
0 0.31171875 0.465625 0.0828125 0.121875
0 0.1609375 0.45 0.06875 0.11875
0 0.7921875 0.5078125 0.084375 0.125
0 0.5609375 0.62734375 0.0875 0.1203125
0 0.66015625 0.6421875 0.0796875 0.11875
0 0.75234375 0.65390625 0.0828125 0.1234375
0 0.09921875 0.85859375 0.0765625 0.0921875
0 0.18671875 0.859375 0.0734375 0.1375
0 0.2515625 0.865625 0.05625 0.1
0 0.32265625 0.87890625 0.0703125 0.1265625
0 0.396875 0.88671875 0.059375 0.1234375
0 0.46640625 0.9015625 0.0640625 0.14375
0 0.85859375 0.66953125 0.0921875 0.1234375