0 0.553125 0.34140625 0.165625 0.1984375
0 0.74921875 0.34765625 0.1484375 0.1890625
0 0.91015625 0.3515625 0.1703125 0.178125
0 0.19140625 0.35390625 0.1703125 0.1953125
0 0.69609375 0.13515625 0.1984375 0.2328125
0 0.68984375 0.578125 0.1453125 0.175
0 0.45390625 0.56640625 0.1609375 0.1859375
0 0.3046875 0.5578125 0.11875 0.16875
0 0.1640625 0.5609375 0.153125 0.1625
0 0.846875 0.58671875 0.175 0.1671875
0 0.23359375 0.7328125 0.1359375 0.125
0 0.4484375 0.74609375 0.134375 0.1484375
0 0.63984375 0.74453125 0.1484375 0.1328125
0 0.821875 0.75390625 0.159375 0.1328125
0 0.8953125 0.12890625 0.203125 0.2109375