0 0.19765625 0.4 0.1421875 0.23125
0 0.70390625 0.36953125 0.1515625 0.2078125
0 0.36875 0.37578125 0.140625 0.2203125
0 0.103125 0.71953125 0.115625 0.1546875
0 0.06875 0.9125 0.11875 0.16875
0 0.2453125 0.903125 0.103125 0.175
0 0.36328125 0.90859375 0.1015625 0.1609375
0 0.7984375 0.9015625 0.10625 0.18125
0 0.6 0.9015625 0.10625 0.190625
0 0.5640625 0.37109375 0.115625 0.2078125
0 0.71796875 0.73203125 0.1140625 0.0984375
0 0.8296875 0.725 0.103125 0.096875
0 0.38046875 0.715625 0.1015625 0.14375
0 0.86484375 0.34609375 0.1578125 0.2390625