0 0.2 0.346875 0.255859375 0.206640625
0 0.4453125 0.3625 0.24765625 0.16875
0 0.69609375 0.36328125 0.234375 0.16875
0 0.91796875 0.36796875 0.1640625 0.151953125
0 0.121875 0.62109375 0.22421875 0.166796875
0 0.34453125 0.62421875 0.2 0.180078125
0 0.55703125 0.65859375 0.191796875 0.1625
0 0.753125 0.65625 0.203515625 0.166015625
0 0.2203125 0.853125 0.17890625 0.190234375
0 0.4234375 0.8609375 0.208984375 0.21015625
0 0.6484375 0.875 0.22265625 0.208984375
0 0.88515625 0.8875 0.2296875 0.225