0 0.1640625 0.38984375 0.246875 0.1609375
0 0.59296875 0.39375 0.2171875 0.159375
0 0.8234375 0.40234375 0.184375 0.1546875
0 0.14453125 0.578125 0.1859375 0.140625
0 0.340625 0.5703125 0.196875 0.121875
0 0.534375 0.57734375 0.1625 0.1359375
0 0.73046875 0.5875 0.1796875 0.13125
0 0.89296875 0.57421875 0.1484375 0.1140625
0 0.453125 0.7125 0.14375 0.1
0 0.609375 0.71484375 0.14375 0.0984375
0 0.7625 0.71171875 0.146875 0.0921875
0 0.9296875 0.73828125 0.140625 0.0984375
0 0.340625 0.8375 0.1375 0.065625
0 0.196875 0.82421875 0.134375 0.0828125
0 0.296875 0.71640625 0.134375 0.0890625
0 0.30078125 0.928125 0.1359375 0.078125
0 0.53671875 0.171875 0.2296875 0.184375
0 0.82265625 0.1546875 0.2453125 0.225
0 0.39375 0.4140625 0.165625 0.1125
0 0.2609375 0.165625 0.240625 0.171875
0 0.340625 0.5640625 0.18125 0.128125