0 0.14765625 0.24921875 0.1359375 0.2328125
0 0.44453125 0.26328125 0.1390625 0.1984375
0 0.09375 0.7484375 0.096875 0.159375
0 0.19765625 0.75 0.0953125 0.15625
0 0.85 0.77890625 0.128125 0.1703125
0 0.590625 0.765625 0.10625 0.178125
0 0.86796875 0.5734375 0.0734375 0.14375
0 0.7359375 0.5859375 0.078125 0.125
0 0.48828125 0.60859375 0.0984375 0.0859375
0 0.309375 0.74921875 0.1 0.1546875
0 0.4078125 0.75703125 0.090625 0.1703125
0 0.1828125 0.93125 0.103125 0.1375
0 0.6015625 0.24765625 0.153125 0.2484375
0 0.184375 0.56875 0.090625 0.11875
0 0.49296875 0.74609375 0.0828125 0.1390625
0 0.6765625 0.746875 0.075 0.1375
0 0.75546875 0.2390625 0.1421875 0.23125
0 0.33515625 0.25390625 0.1171875 0.2140625
0 0.87890625 0.246875 0.1078125 0.196875