0 0.43984375 0.25546875 0.2140625 0.2140625
0 0.64140625 0.2703125 0.1453125 0.178125
0 0.81015625 0.2546875 0.1703125 0.225
0 0.24375 0.26953125 0.175 0.1921875
0 0.07578125 0.25703125 0.1484375 0.2234375
0 0.2703125 0.49296875 0.209375 0.1421875
0 0.440625 0.49765625 0.140625 0.1796875
0 0.6 0.496875 0.175 0.18125
0 0.78359375 0.4984375 0.1734375 0.171875
0 0.08671875 0.47265625 0.1671875 0.1890625
0 0.24296875 0.7203125 0.1859375 0.159375
0 0.4203125 0.7265625 0.15625 0.14375
0 0.5828125 0.7125 0.15 0.1375
0 0.75234375 0.72109375 0.1765625 0.1484375
0 0.9234375 0.725 0.146875 0.13125
0 0.71484375 0.8859375 0.1546875 0.16875
0 0.5515625 0.8875 0.16875 0.178125
0 0.38515625 0.8953125 0.1546875 0.159375
0 0.22265625 0.9171875 0.1453125 0.1375
0 0.08515625 0.70078125 0.1328125 0.1671875