0 0.24375 0.43984375 0.19375 0.1328125
0 0.48671875 0.25703125 0.1984375 0.2140625
0 0.66796875 0.26640625 0.1609375 0.1828125
0 0.4125 0.44921875 0.140625 0.1140625
0 0.54921875 0.446875 0.1234375 0.109375
0 0.69765625 0.4640625 0.1546875 0.109375
0 0.86171875 0.459375 0.1578125 0.121875
0 0.10546875 0.5984375 0.1390625 0.115625
0 0.08984375 0.425 0.1546875 0.159375
0 0.246875 0.60390625 0.134375 0.1421875
0 0.38203125 0.62109375 0.1328125 0.1515625
0 0.10625 0.76640625 0.13125 0.0984375
0 0.12890625 0.90234375 0.1140625 0.1171875
0 0.259375 0.78359375 0.13125 0.0828125
0 0.25703125 0.915625 0.1171875 0.09375
0 0.396875 0.7859375 0.134375 0.08125
0 0.39765625 0.9171875 0.1328125 0.115625
0 0.534375 0.9375 0.125 0.090625
0 0.5390625 0.6109375 0.128125 0.128125
0 0.65859375 0.790625 0.1390625 0.10625
0 0.12890625 0.24140625 0.1765625 0.1578125
0 0.30390625 0.2484375 0.1671875 0.209375