0 0.171875 0.453125 0.209375 0.190625
0 0.3890625 0.46328125 0.19375 0.2203125
0 0.6078125 0.48125 0.2375 0.23125
0 0.88125 0.503125 0.215625 0.221875
0 0.33125 0.8734375 0.196875 0.19375
0 0.521875 0.8984375 0.184375 0.190625
0 0.69375 0.9328125 0.18125 0.134375
0 0.14375 0.23515625 0.203125 0.1828125
0 0.3421875 0.24921875 0.19375 0.1734375
0 0.53359375 0.23984375 0.2046875 0.2140625
0 0.72890625 0.24921875 0.1796875 0.1984375
0 0.91328125 0.24453125 0.1734375 0.2046875
0 0.65625 0.69765625 0.190625 0.1703125
0 0.884375 0.73515625 0.2125 0.1859375
0 0.15703125 0.66015625 0.1265625 0.1359375
0 0.296875 0.6671875 0.121875 0.134375