0 0.2640625 0.59765625 0.15625 0.1234375
0 0.37421875 0.93828125 0.1265625 0.0859375
0 0.50546875 0.92578125 0.1203125 0.0796875
0 0.24296875 0.9109375 0.1234375 0.096875
0 0.66875 0.08828125 0.125 0.1484375
0 0.7921875 0.0984375 0.1125 0.1625
0 0.91484375 0.09140625 0.1203125 0.1453125
0 0.49609375 0.69375 0.1078125 0.103125
0 0.38671875 0.6953125 0.1078125 0.103125
0 0.65859375 0.83828125 0.0984375 0.0921875
0 0.3875 0.4296875 0.115625 0.1125
0 0.503125 0.4140625 0.1 0.1125
0 0.2640625 0.7390625 0.1125 0.115625
0 0.3828125 0.734375 0.1125 0.10625
0 0.49296875 0.7328125 0.1015625 0.1
0 0.70234375 0.5078125 0.1328125 0.125
0 0.8328125 0.50625 0.128125 0.11875
0 0.80625 0.66484375 0.140625 0.1046875
0 0.7828125 0.8265625 0.11875 0.115625
0 0.07578125 0.07421875 0.1140625 0.0984375
0 0.20078125 0.06796875 0.1171875 0.0953125
0 0.32109375 0.07421875 0.0984375 0.0828125
0 0.43125 0.06953125 0.10625 0.0796875