0 0.296875 0.1984375 0.103125 0.053125
0 0.6265625 0.23828125 0.1 0.1046875
0 0.33984375 0.959375 0.1296875 0.08125
0 0.6234375 0.95078125 0.10625 0.0953125
0 0.3625 0.72890625 0.121875 0.0578125
0 0.484375 0.72578125 0.115625 0.0640625
0 0.25390625 0.6140625 0.1078125 0.090625
0 0.365625 0.61484375 0.1125 0.0859375
0 0.4703125 0.61640625 0.103125 0.0953125
0 0.25234375 0.52265625 0.1359375 0.0703125
0 0.3828125 0.5171875 0.128125 0.078125
0 0.5 0.50625 0.103125 0.06875
0 0.3640625 0.4234375 0.10625 0.06875
0 0.475 0.42265625 0.10625 0.0640625
0 0.178125 0.1984375 0.11875 0.071875
0 0.734375 0.2421875 0.103125 0.084375
0 0.84375 0.24453125 0.10625 0.0890625
0 0.94921875 0.24921875 0.0921875 0.1015625
0 0.89765625 0.36328125 0.0921875 0.0859375
0 0.65546875 0.47890625 0.1171875 0.0765625
0 0.77265625 0.4796875 0.1109375 0.078125
0 0.7515625 0.57265625 0.10625 0.0578125
0 0.62109375 0.5625 0.1140625 0.0625
0 0.62265625 0.67578125 0.0890625 0.0484375
0 0.7359375 0.6609375 0.109375 0.065625
0 0.89765625 0.64140625 0.1078125 0.0796875