0 0.334375 0.4 0.275 0.084375
0 0.63046875 0.38984375 0.2546875 0.0765625
0 0.88828125 0.39375 0.2234375 0.059375
0 0.14453125 0.55234375 0.2546875 0.1046875
0 0.38125 0.54765625 0.196875 0.1015625
0 0.58671875 0.534375 0.2078125 0.103125
0 0.8203125 0.521875 0.1875 0.096875
0 0.18203125 0.6734375 0.3078125 0.065625
0 0.50625 0.6609375 0.284375 0.053125
0 0.80390625 0.65 0.2421875 0.05
0 0.803125 0.69609375 0.240625 0.0421875
0 0.50625 0.72109375 0.3 0.0515625
0 0.184375 0.73203125 0.315625 0.0578125
0 0.18125 0.846875 0.290625 0.1125
0 0.47421875 0.86484375 0.2921875 0.0515625
0 0.76484375 0.80390625 0.2640625 0.0546875
0 0.76640625 0.853125 0.2609375 0.05