0 0.51796875 0.1703125 0.1796875 0.1125
0 0.2828125 0.18046875 0.1625 0.1140625
0 0.10390625 0.34140625 0.1953125 0.1140625
0 0.30703125 0.34140625 0.1703125 0.1140625
0 0.88515625 0.1828125 0.1984375 0.109375
0 0.1546875 0.51953125 0.21875 0.0828125
0 0.38359375 0.51328125 0.2078125 0.0765625
0 0.60078125 0.52265625 0.2109375 0.0734375
0 0.81796875 0.5203125 0.1953125 0.0625
0 0.175 0.6765625 0.24375 0.08125
0 0.41953125 0.6703125 0.2234375 0.0875
0 0.63515625 0.67578125 0.2046875 0.0765625
0 0.8375 0.67265625 0.209375 0.0640625
0 0.1875 0.790625 0.228125 0.0625
0 0.44609375 0.7625 0.2109375 0.05
0 0.43046875 0.8234375 0.2171875 0.046875
0 0.8765625 0.89140625 0.1875 0.0578125
0 0.8890625 0.94609375 0.20625 0.0515625