0 0.33203125 0.40859375 0.1640625 0.2109375
0 0.559375 0.4078125 0.14375 0.221875
0 0.7234375 0.396875 0.171875 0.2625
0 0.8984375 0.4015625 0.184375 0.25625
0 0.62421875 0.13984375 0.1765625 0.2265625
0 0.384375 0.15859375 0.159375 0.2515625
0 0.23515625 0.15078125 0.1453125 0.2484375
0 0.08359375 0.16875 0.1578125 0.24375
0 0.1609375 0.44140625 0.103125 0.1734375
0 0.08671875 0.7140625 0.1234375 0.15625
0 0.2140625 0.72109375 0.125 0.1734375
0 0.346875 0.6921875 0.165625 0.253125
0 0.503125 0.69296875 0.15 0.2421875
0 0.67265625 0.71796875 0.1515625 0.2203125
0 0.8140625 0.68046875 0.10625 0.1765625
0 0.80546875 0.90546875 0.1703125 0.1390625
0 0.48125 0.8875 0.11875 0.14375
0 0.10859375 0.87578125 0.1078125 0.1234375
0 0.21796875 0.87265625 0.1015625 0.1140625
0 0.659375 0.90078125 0.125 0.1484375