0 0.13515625 0.12734375 0.1890625 0.2421875
0 0.3234375 0.128125 0.16875 0.246875
0 0.51015625 0.1234375 0.1921875 0.24375
0 0.8140625 0.11875 0.23125 0.234375
0 0.409375 0.671875 0.19375 0.228125
0 0.6015625 0.6859375 0.18125 0.2125
0 0.809375 0.7046875 0.18125 0.190625
0 0.23828125 0.70390625 0.1515625 0.1515625
0 0.07578125 0.684375 0.1484375 0.153125
0 0.89921875 0.39921875 0.2015625 0.2640625
0 0.70078125 0.396875 0.1828125 0.253125
0 0.20234375 0.40703125 0.1765625 0.1984375
0 0.5375 0.8875 0.159375 0.1625
0 0.225 0.87578125 0.121875 0.1359375
0 0.9234375 0.92265625 0.153125 0.1515625
0 0.7765625 0.909375 0.14375 0.15