0 0.53984375 0.36875 0.1140625 0.09375
0 0.67265625 0.39296875 0.1171875 0.0859375
0 0.8046875 0.38359375 0.13125 0.1109375
0 0.4234375 0.37890625 0.11875 0.0765625
0 0.10390625 0.1609375 0.1765625 0.0875
0 0.25234375 0.11953125 0.0984375 0.2015625
0 0.38125 0.12421875 0.103125 0.2015625
0 0.9015625 0.153125 0.065625 0.175
0 0.1484375 0.33828125 0.15 0.0546875
0 0.51484375 0.503125 0.1484375 0.06875
0 0.50390625 0.55859375 0.1484375 0.0484375
0 0.69765625 0.6421875 0.1171875 0.046875
0 0.6890625 0.68671875 0.1125 0.0390625
0 0.36015625 0.5109375 0.1453125 0.046875
0 0.20234375 0.5078125 0.1421875 0.04375
0 0.1921875 0.7546875 0.09375 0.05625
0 0.46640625 0.75859375 0.1046875 0.0421875
0 0.4671875 0.79453125 0.103125 0.0328125
0 0.065625 0.5078125 0.109375 0.040625
0 0.09140625 0.0515625 0.1765625 0.1