0 0.221875 0.27734375 0.13125 0.1734375
0 0.4265625 0.2859375 0.16875 0.190625
0 0.6578125 0.29296875 0.175 0.1953125
0 0.84140625 0.29375 0.1703125 0.203125
0 0.56953125 0.5109375 0.1390625 0.171875
0 0.29609375 0.50390625 0.1484375 0.1546875
0 0.32734375 0.71328125 0.1921875 0.1484375
0 0.68671875 0.72578125 0.1640625 0.1703125
0 0.1109375 0.70546875 0.140625 0.1578125
0 0.3359375 0.87109375 0.11875 0.1203125
0 0.6578125 0.88984375 0.1125 0.1390625
0 0.55234375 0.07109375 0.1453125 0.1359375
0 0.70078125 0.065625 0.1484375 0.128125
0 0.0875 0.2765625 0.125 0.165625