0 0.128125 0.4015625 0.109375 0.171875
0 0.234375 0.39296875 0.103125 0.1609375
0 0.43984375 0.3609375 0.1015625 0.15625
0 0.546875 0.38984375 0.1 0.1515625
0 0.2625 0.58984375 0.10625 0.1578125
0 0.3578125 0.59375 0.078125 0.153125
0 0.4375 0.5875 0.08125 0.15625
0 0.53046875 0.58828125 0.0828125 0.1390625
0 0.646875 0.5765625 0.084375 0.18125
0 0.784375 0.5703125 0.0875 0.153125
0 0.846875 0.35703125 0.109375 0.1859375
0 0.684375 0.1296875 0.1125 0.184375
0 0.7875 0.11484375 0.1 0.1828125
0 0.22890625 0.79140625 0.0953125 0.1578125
0 0.31171875 0.7875 0.0609375 0.15
0 0.0921875 0.80078125 0.08125 0.1609375
0 0.78203125 0.93046875 0.0828125 0.1265625
0 0.865625 0.91953125 0.084375 0.1390625
0 0.94765625 0.9109375 0.0703125 0.140625
0 0.8765625 0.5703125 0.084375 0.13125
0 0.496875 0.79921875 0.078125 0.0953125
0 0.56328125 0.79140625 0.0640625 0.1078125
0 0.53125 0.9390625 0.08125 0.121875