0 0.13359375 0.0921875 0.190625 0.18125
0 0.37578125 0.0921875 0.194921875 0.178125
0 0.82109375 0.09140625 0.205078125 0.176953125
0 0.65234375 0.35546875 0.241796875 0.19375
0 0.48515625 0.596875 0.154296875 0.141015625
0 0.146875 0.55625 0.183984375 0.175390625
0 0.12421875 0.32734375 0.209375 0.201171875
0 0.69453125 0.5984375 0.1953125 0.15625
0 0.88671875 0.6078125 0.178125 0.162109375
0 0.3484375 0.7609375 0.15234375 0.16015625
0 0.51328125 0.77265625 0.148828125 0.164453125
0 0.66953125 0.7875 0.159375 0.165625
0 0.8375 0.80078125 0.17421875 0.173046875
0 0.1890625 0.753125 0.13515625 0.14921875
0 0.0609375 0.74921875 0.105859375 0.151953125
0 0.9078125 0.3640625 0.184375 0.1875