0 0.140625 0.39453125 0.169140625 0.165625
0 0.31875 0.39609375 0.183984375 0.16875
0 0.1375 0.209375 0.14453125 0.115625
0 0.33125 0.21328125 0.158984375 0.103125
0 0.52109375 0.20546875 0.205078125 0.128125
0 0.53046875 0.078125 0.205078125 0.121875
0 0.76796875 0.18046875 0.195703125 0.173046875
0 0.65625 0.39765625 0.184765625 0.185546875
0 0.85390625 0.4015625 0.1984375 0.190625
0 0.4828125 0.4140625 0.141015625 0.15
0 0.31875 0.6 0.18046875 0.172265625
0 0.5109375 0.61015625 0.158984375 0.171875
0 0.91484375 0.63046875 0.1703125 0.153125
0 0.71796875 0.621875 0.186328125 0.171875
0 0.17578125 0.7734375 0.1453125 0.13984375
0 0.32890625 0.7875 0.146875 0.146484375
0 0.4609375 0.803125 0.10390625 0.115234375
0 0.5796875 0.80234375 0.103515625 0.113671875
0 0.89140625 0.82578125 0.164453125 0.145703125
0 0.14765625 0.94375 0.146875 0.1125
0 0.16328125 0.615625 0.123828125 0.128125
0 0.4984375 0.94921875 0.12734375 0.101171875
0 0.671875 0.95625 0.133984375 0.087109375