0 0.5296875 0.27421875 0.30625 0.0953125
0 0.8234375 0.278125 0.24375 0.078125
0 0.53515625 0.425 0.3296875 0.09375
0 0.19375 0.4390625 0.31875 0.08125
0 0.82109375 0.43203125 0.2265625 0.0765625
0 0.125 0.57890625 0.16875 0.1640625
0 0.26796875 0.5796875 0.1109375 0.13125
0 0.28671875 0.70703125 0.3265625 0.0640625
0 0.29140625 0.77265625 0.3265625 0.0734375
0 0.559375 0.7109375 0.1875 0.053125
0 0.55546875 0.7703125 0.1796875 0.065625
0 0.61328125 0.86875 0.1390625 0.121875
0 0.478125 0.8640625 0.128125 0.125
0 0.22421875 0.9734375 0.1921875 0.053125
0 0.18515625 0.84921875 0.1421875 0.1140625
0 0.34609375 0.8578125 0.1390625 0.125