0 0.2765625 0.20078125 0.165625 0.17578125
0 0.44453125 0.2015625 0.1703125 0.190625
0 0.603125 0.22578125 0.12890625 0.1203125
0 0.75859375 0.20625 0.18125 0.18359375
0 0.44375 0.4 0.17578125 0.16328125
0 0.61796875 0.41171875 0.1609375 0.153125
0 0.115625 0.42578125 0.16015625 0.12578125
0 0.809375 0.415625 0.17421875 0.159375
0 0.1140625 0.590625 0.1484375 0.134375
0 0.2859375 0.5890625 0.15859375 0.1265625
0 0.43984375 0.59921875 0.1296875 0.1171875
0 0.55546875 0.609375 0.10859375 0.090625
0 0.66484375 0.60859375 0.09609375 0.08671875
0 0.1140625 0.77421875 0.1515625 0.121875
0 0.26796875 0.7734375 0.14140625 0.13359375
0 0.440625 0.7390625 0.1203125 0.103125
0 0.58359375 0.7625 0.13046875 0.11640625
0 0.75390625 0.7703125 0.13984375 0.134375
0 0.9140625 0.78125 0.13046875 0.14765625