0 0.07734375 0.08828125 0.1328125 0.1484375
0 0.415625 0.08359375 0.096875 0.1609375
0 0.56953125 0.1140625 0.1953125 0.128125
0 0.30859375 0.08515625 0.1078125 0.1671875
0 0.19609375 0.08828125 0.0921875 0.1609375
0 0.1078125 0.26640625 0.2125 0.0921875
0 0.3484375 0.25859375 0.19375 0.0984375
0 0.553125 0.253125 0.16875 0.08125
0 0.253125 0.7984375 0.196875 0.096875
0 0.46171875 0.78828125 0.1984375 0.1203125
0 0.6609375 0.7859375 0.171875 0.121875
0 0.75546875 0.24921875 0.1671875 0.0890625
0 0.659375 0.52734375 0.203125 0.0921875
0 0.86328125 0.51640625 0.1984375 0.0984375
0 0.84140625 0.7703125 0.1640625 0.121875
0 0.63984375 0.9328125 0.2234375 0.084375
0 0.8609375 0.9140625 0.203125 0.084375
0 0.459375 0.67109375 0.240625 0.1015625
0 0.69140625 0.6515625 0.2015625 0.090625
0 0.89140625 0.62578125 0.1890625 0.0890625
0 0.775 0.1234375 0.196875 0.125