0 0.2078125 0.9234375 0.2125 0.11875
0 0.7328125 0.21171875 0.225 0.1265625
0 0.70546875 0.37578125 0.2546875 0.1046875
0 0.18828125 0.38203125 0.2453125 0.1203125
0 0.11640625 0.0578125 0.2265625 0.1125
0 0.35 0.05390625 0.228125 0.1046875
0 0.5890625 0.053125 0.25 0.1
0 0.4875 0.946875 0.18125 0.10625
0 0.66953125 0.953125 0.1671875 0.09375
0 0.6625 0.50234375 0.196875 0.0921875
0 0.7765625 0.62890625 0.259375 0.0921875
0 0.39921875 0.6140625 0.2234375 0.08125
0 0.4390625 0.37421875 0.2625 0.1078125
0 0.40859375 0.5078125 0.2359375 0.090625
0 0.1828125 0.48046875 0.2125 0.0828125
0 0.18046875 0.61640625 0.1765625 0.0703125