0 0.13828125 0.4484375 0.18984375 0.2359375
0 0.47890625 0.43203125 0.16640625 0.22421875
0 0.6703125 0.43828125 0.17578125 0.23984375
0 0.85078125 0.409375 0.1515625 0.1984375
0 0.89453125 0.12578125 0.17421875 0.25
0 0.47578125 0.14609375 0.17578125 0.2859375
0 0.284375 0.16953125 0.19609375 0.2765625
0 0.4171875 0.6859375 0.175 0.17578125
0 0.8109375 0.703125 0.178125 0.20546875
0 0.31953125 0.8953125 0.15859375 0.14296875
0 0.47734375 0.9046875 0.134375 0.1671875
0 0.83203125 0.8859375 0.21171875 0.16171875