0 0.0515625 0.81484375 0.084375 0.1109375
0 0.14921875 0.82265625 0.0953125 0.1140625
0 0.24296875 0.8328125 0.0921875 0.1125
0 0.353125 0.8375 0.096875 0.115625
0 0.33671875 0.9328125 0.1078125 0.0875
0 0.4609375 0.9390625 0.096875 0.103125
0 0.2453125 0.93125 0.1 0.096875
0 0.14453125 0.9328125 0.1015625 0.1
0 0.0484375 0.9265625 0.09375 0.1
0 0.66484375 0.94609375 0.1015625 0.0984375
0 0.76484375 0.940625 0.0984375 0.1
0 0.7703125 0.83046875 0.10625 0.1109375
0 0.88359375 0.83984375 0.1015625 0.1234375
0 0.86875 0.94609375 0.096875 0.1078125
0 0.865625 0.56171875 0.10625 0.1265625
0 0.865625 0.67734375 0.115625 0.1328125
0 0.75390625 0.56171875 0.1234375 0.1359375
0 0.7484375 0.67734375 0.11875 0.1140625
0 0.64296875 0.675 0.1140625 0.115625
0 0.640625 0.55859375 0.121875 0.1265625
0 0.53125 0.56171875 0.10625 0.1078125
0 0.534375 0.67265625 0.109375 0.1109375
0 0.42265625 0.55546875 0.0984375 0.1265625
0 0.4328125 0.66640625 0.09375 0.1109375
0 0.321875 0.553125 0.121875 0.115625
0 0.340625 0.65859375 0.128125 0.1171875
0 0.24140625 0.6546875 0.1046875 0.1125
0 0.14375 0.659375 0.096875 0.103125
0 0.0515625 0.65703125 0.09375 0.0953125
0 0.146875 0.55703125 0.096875 0.1046875
0 0.88984375 0.2703125 0.1109375 0.13125
0 0.87734375 0.3828125 0.1234375 0.1375
0 0.7640625 0.26953125 0.134375 0.1328125
0 0.7546875 0.38828125 0.14375 0.1234375
0 0.6359375 0.2734375 0.125 0.128125
0 0.62890625 0.38984375 0.1140625 0.1171875
0 0.5125 0.2734375 0.109375 0.125
0 0.52265625 0.39140625 0.1203125 0.1078125
0 0.41171875 0.2765625 0.1046875 0.1125
0 0.41796875 0.39140625 0.0984375 0.1046875
0 0.3140625 0.2765625 0.09375 0.11875
0 0.31796875 0.38359375 0.1109375 0.1078125
0 0.22890625 0.38359375 0.0859375 0.1109375
0 0.15546875 0.290625 0.0859375 0.1
0 0.0484375 0.278125 0.09375 0.103125
0 0.0546875 0.38359375 0.10625 0.0953125
0 0.06796875 0.121875 0.0953125 0.128125
0 0.17578125 0.11796875 0.0953125 0.1140625
0 0.40625 0.121875 0.11875 0.115625
0 0.5328125 0.1109375 0.140625 0.125
0 0.66328125 0.11328125 0.1328125 0.1359375
0 0.79453125 0.1171875 0.1421875 0.13125
0 0.8328125 0.1109375 0.03125 0.084375
0 0.9171875 0.11015625 0.10625 0.1328125