0 0.09921875 0.11875 0.1296875 0.16875
0 0.2421875 0.121875 0.140625 0.165625
0 0.3734375 0.12421875 0.1375 0.1671875
0 0.49296875 0.1203125 0.1359375 0.1875
0 0.62734375 0.1203125 0.1390625 0.18125
0 0.74921875 0.1390625 0.1140625 0.14375
0 0.9015625 0.12734375 0.10625 0.1765625
0 0.08828125 0.33125 0.1234375 0.159375
0 0.22578125 0.33203125 0.1359375 0.1515625
0 0.37734375 0.3296875 0.1140625 0.165625
0 0.48515625 0.3359375 0.1046875 0.15
0 0.58828125 0.334375 0.1078125 0.153125
0 0.69453125 0.34140625 0.1234375 0.1515625
0 0.8203125 0.32890625 0.13125 0.1453125
0 0.9390625 0.33359375 0.1125 0.1359375
0 0.0890625 0.53125 0.125 0.15625
0 0.20703125 0.5359375 0.0953125 0.14375
0 0.3109375 0.5265625 0.13125 0.153125
0 0.43203125 0.53203125 0.1140625 0.1609375
0 0.54609375 0.53203125 0.1078125 0.1453125
0 0.640625 0.540625 0.09375 0.13125
0 0.72734375 0.5484375 0.0921875 0.128125
0 0.80859375 0.54296875 0.0765625 0.1296875
0 0.903125 0.53203125 0.071875 0.1328125
0 0.08125 0.721875 0.115625 0.159375
0 0.17890625 0.7171875 0.1046875 0.15625
0 0.29453125 0.7171875 0.0765625 0.15625
0 0.39921875 0.72109375 0.1015625 0.1421875
0 0.49921875 0.7140625 0.1296875 0.146875
0 0.60703125 0.7265625 0.1109375 0.121875
0 0.696875 0.72109375 0.121875 0.1734375
0 0.803125 0.72109375 0.121875 0.1640625
0 0.91484375 0.725 0.1328125 0.153125
0 0.13828125 0.9171875 0.1265625 0.15625
0 0.24453125 0.903125 0.1140625 0.153125
0 0.34921875 0.91484375 0.0984375 0.1421875
0 0.4390625 0.9140625 0.109375 0.15
0 0.53671875 0.92890625 0.1171875 0.1421875
0 0.63203125 0.9046875 0.1140625 0.165625
0 0.73125 0.9078125 0.146875 0.153125
0 0.84140625 0.90390625 0.1203125 0.1796875