0 0.3796875 0.36953125 0.321875 0.1890625
0 0.69453125 0.36953125 0.3328125 0.1859375
0 0.17734375 0.703125 0.1578125 0.153125
0 0.275 0.684375 0.109375 0.165625
0 0.36796875 0.675 0.1015625 0.165625
0 0.50390625 0.69140625 0.1984375 0.0515625
0 0.51015625 0.73125 0.1953125 0.0625
0 0.50546875 0.56796875 0.1765625 0.0484375
0 0.7078125 0.6375 0.2 0.053125
0 0.7046875 0.6859375 0.196875 0.053125
0 0.70390625 0.73125 0.2015625 0.046875
0 0.1796875 0.8359375 0.14375 0.05625
0 0.1765625 0.91796875 0.140625 0.0515625
0 0.3171875 0.9265625 0.15625 0.053125
0 0.4671875 0.93203125 0.153125 0.0640625
0 0.6328125 0.9296875 0.171875 0.06875
0 0.8265625 0.90625 0.178125 0.071875
0 0.80703125 0.9640625 0.1734375 0.053125