0 0.65703125 0.44375 0.1921875 0.215234375
0 0.865625 0.4546875 0.203515625 0.191015625
0 0.45078125 0.43203125 0.19375 0.221875
0 0.29140625 0.44375 0.145703125 0.127734375
0 0.37109375 0.6671875 0.213671875 0.175
0 0.60546875 0.68984375 0.163671875 0.1796875
0 0.115625 0.9 0.158984375 0.1375
0 0.50625 0.8953125 0.141015625 0.146484375
0 0.734375 0.88359375 0.131640625 0.123046875
0 0.8671875 0.88828125 0.103125 0.1265625
0 0.15625 0.67265625 0.206640625 0.194921875
0 0.31484375 0.19765625 0.2078125 0.15
0 0.56875 0.1828125 0.266015625 0.191015625
0 0.82578125 0.18359375 0.24375 0.190625
0 0.69609375 0.46875 0.06875 0.125