0 0.521875 0.2109375 0.2484375 0.2359375
0 0.8 0.21015625 0.265625 0.265625
0 0.1703125 0.2203125 0.33359375 0.165625
0 0.31953125 0.52578125 0.25546875 0.171875
0 0.13984375 0.5046875 0.1375 0.16015625
0 0.55546875 0.50078125 0.2609375 0.21875
0 0.77421875 0.4953125 0.21640625 0.225
0 0.32421875 0.72578125 0.22890625 0.153125
0 0.51640625 0.73203125 0.20078125 0.134375
0 0.69375 0.72734375 0.17421875 0.16640625
0 0.878125 0.7375 0.1765625 0.12734375
0 0.5125 0.89453125 0.1671875 0.1203125
0 0.690625 0.89921875 0.146875 0.12109375