0 0.26640625 0.22734375 0.1953125 0.208203125
0 0.4796875 0.21328125 0.23359375 0.230078125
0 0.884375 0.215625 0.230859375 0.243359375
0 0.08203125 0.2171875 0.163671875 0.19375
0 0.21015625 0.478125 0.267578125 0.177734375
0 0.41015625 0.5125 0.205078125 0.178515625
0 0.628125 0.44765625 0.172265625 0.126953125
0 0.6328125 0.47109375 0.13984375 0.06875
0 0.8296875 0.5140625 0.175390625 0.158984375
0 0.33828125 0.6984375 0.194921875 0.146875
0 0.72578125 0.696875 0.1640625 0.15625
0 0.90703125 0.70859375 0.1859375 0.1671875
0 0.9265625 0.690625 0.146484375 0.059765625
0 0.25390625 0.90625 0.186328125 0.13046875
0 0.87109375 0.875 0.1609375 0.053125