0 0.09765625 0.303125 0.1890625 0.203125
0 0.28203125 0.3109375 0.1796875 0.2
0 0.475 0.30390625 0.196875 0.2046875
0 0.671875 0.30859375 0.209375 0.1984375
0 0.896875 0.30625 0.20625 0.215625
0 0.11015625 0.5390625 0.2078125 0.20625
0 0.4765625 0.56171875 0.21875 0.2078125
0 0.684375 0.5546875 0.209375 0.2
0 0.86953125 0.5484375 0.2015625 0.2125
0 0.13359375 0.7375 0.1765625 0.184375
0 0.315625 0.73359375 0.203125 0.2015625
0 0.5 0.74375 0.209375 0.203125
0 0.67734375 0.74375 0.2078125 0.20625
0 0.8640625 0.75703125 0.203125 0.2046875
0 0.2078125 0.93125 0.28125 0.103125
0 0.48359375 0.91875 0.2203125 0.090625