0 0.1265625 0.134375 0.215625 0.21875
0 0.3703125 0.12578125 0.25 0.2453125
0 0.6328125 0.1234375 0.23125 0.24375
0 0.87890625 0.1234375 0.2421875 0.24375
0 0.1328125 0.38203125 0.20625 0.2078125
0 0.31796875 0.37578125 0.2203125 0.2296875
0 0.5109375 0.3765625 0.209375 0.23125
0 0.7109375 0.38203125 0.215625 0.2359375
0 0.865625 0.38046875 0.203125 0.2421875
0 0.15703125 0.59921875 0.1421875 0.2046875
0 0.3109375 0.61484375 0.2125 0.1859375
0 0.640625 0.60859375 0.190625 0.1828125
0 0.81796875 0.60859375 0.1953125 0.1953125
0 0.18984375 0.78203125 0.1765625 0.1765625
0 0.36328125 0.78046875 0.1609375 0.1890625
0 0.52734375 0.76875 0.1765625 0.20625
0 0.7 0.78203125 0.178125 0.1953125
0 0.85078125 0.79375 0.1828125 0.190625
0 0.171875 0.95 0.1125 0.096875
0 0.29921875 0.9453125 0.1265625 0.1
0 0.4375 0.93671875 0.146875 0.1265625
0 0.571875 0.93828125 0.121875 0.1234375
0 0.69453125 0.94140625 0.1390625 0.1171875
0 0.8296875 0.94453125 0.1125 0.1109375