0 0.11015625 0.70390625 0.2140625 0.1890625
0 0.315625 0.70703125 0.215625 0.1921875
0 0.51328125 0.70625 0.1890625 0.203125
0 0.6890625 0.71171875 0.221875 0.2203125
0 0.8890625 0.71328125 0.209375 0.2140625
0 0.125 0.8953125 0.190625 0.190625
0 0.31015625 0.88984375 0.1859375 0.1921875
0 0.4890625 0.8890625 0.19375 0.1875
0 0.6703125 0.8984375 0.20625 0.2
0 0.85546875 0.9015625 0.2046875 0.190625
0 0.3578125 0.5328125 0.190625 0.15
0 0.47734375 0.53203125 0.1390625 0.1640625
0 0.5984375 0.54609375 0.1125 0.1546875
0 0.7234375 0.5421875 0.15625 0.15
0 0.8359375 0.54453125 0.121875 0.1671875
0 0.45625 0.328125 0.209375 0.196875
0 0.66953125 0.3296875 0.2203125 0.19375
0 0.91875 0.3203125 0.1625 0.20625