0 0.30078125 0.13046875 0.2328125 0.1296875
0 0.59609375 0.121875 0.2359375 0.1875
0 0.8828125 0.11640625 0.234375 0.1640625
0 0.76953125 0.321875 0.2828125 0.196875
0 0.53671875 0.32265625 0.2734375 0.1734375
0 0.29375 0.334375 0.246875 0.15625
0 0.25859375 0.51484375 0.2265625 0.1859375
0 0.44453125 0.51875 0.2265625 0.196875
0 0.64296875 0.51953125 0.2234375 0.1859375
0 0.83515625 0.52578125 0.2328125 0.2046875
0 0.10703125 0.6875 0.2046875 0.140625
0 0.659375 0.70078125 0.203125 0.1546875
0 0.840625 0.69765625 0.184375 0.1703125
0 0.096875 0.8375 0.18125 0.128125
0 0.271875 0.8390625 0.19375 0.15
0 0.46484375 0.8359375 0.1984375 0.15625
0 0.66015625 0.8484375 0.1921875 0.15625
0 0.828125 0.85859375 0.21875 0.1546875