0 0.4203125 0.26953125 0.271875 0.2640625
0 0.165625 0.27578125 0.3 0.2390625
0 0.8640625 0.26640625 0.26875 0.2453125
0 0.61484375 0.25078125 0.2203125 0.2546875
0 0.628125 0.5046875 0.178125 0.171875
0 0.80859375 0.48046875 0.1921875 0.1765625
0 0.459375 0.6421875 0.196875 0.14375
0 0.6203125 0.64921875 0.15 0.1421875
0 0.77578125 0.6390625 0.1609375 0.15625
0 0.92734375 0.63984375 0.1453125 0.1578125
0 0.490625 0.76328125 0.134375 0.1078125
0 0.625 0.77578125 0.153125 0.1046875
0 0.76953125 0.778125 0.1265625 0.090625
0 0.88828125 0.7765625 0.1234375 0.1
0 0.47421875 0.909375 0.1609375 0.153125
0 0.6234375 0.9078125 0.14375 0.14375
0 0.75703125 0.9015625 0.1015625 0.15
0 0.86796875 0.8953125 0.1296875 0.14375
0 0.25546875 0.7546875 0.1703125 0.146875
0 0.334375 0.90625 0.103125 0.05625