0 0.2578125 0.25546875 0.228125 0.1578125
0 0.47421875 0.25390625 0.1890625 0.1734375
0 0.66015625 0.259375 0.2140625 0.190625
0 0.8578125 0.25546875 0.18125 0.1796875
0 0.12578125 0.41640625 0.2359375 0.1234375
0 0.3265625 0.42421875 0.21875 0.1484375
0 0.51328125 0.4203125 0.2046875 0.14375
0 0.709375 0.4140625 0.221875 0.14375
0 0.90078125 0.4140625 0.1984375 0.14375
0 0.3609375 0.55234375 0.15625 0.1078125
0 0.53125 0.55 0.165625 0.1125
0 0.7109375 0.5546875 0.19375 0.1125
0 0.8828125 0.55859375 0.18125 0.1171875
0 0.16875 0.65859375 0.159375 0.0921875
0 0.3109375 0.66171875 0.171875 0.1046875
0 0.4609375 0.6640625 0.1375 0.1
0 0.59140625 0.6703125 0.1296875 0.1
0 0.73515625 0.66875 0.1546875 0.115625
0 0.86953125 0.6625 0.1234375 0.1
0 0.09140625 0.759375 0.1640625 0.0875
0 0.77265625 0.76328125 0.1703125 0.0890625
0 0.80625 0.84453125 0.115625 0.0828125