0 0.246875 0.78203125 0.21875 0.1546875
0 0.4671875 0.77734375 0.234375 0.1671875
0 0.7078125 0.71875 0.284375 0.165625
0 0.6234375 0.1140625 0.221875 0.15
0 0.83828125 0.11796875 0.2359375 0.1515625
0 0.21484375 0.3953125 0.1828125 0.13125
0 0.20390625 0.54921875 0.1984375 0.1484375
0 0.38984375 0.54375 0.1578125 0.134375
0 0.5484375 0.5296875 0.1625 0.1125
0 0.53203125 0.3609375 0.1453125 0.14375
0 0.72421875 0.3578125 0.1609375 0.146875
0 0.8734375 0.35078125 0.146875 0.1671875
0 0.871875 0.5109375 0.178125 0.14375
0 0.7 0.52578125 0.1875 0.1546875