0 0.278125 0.2546875 0.25 0.33125
0 0.4609375 0.34765625 0.171875 0.2171875
0 0.61171875 0.3546875 0.1515625 0.23125
0 0.61953125 0.13828125 0.1640625 0.2703125
0 0.4671875 0.12890625 0.146875 0.2296875
0 0.784375 0.2578125 0.121875 0.25625
0 0.9203125 0.278125 0.159375 0.303125
0 0.48046875 0.65859375 0.1109375 0.1796875
0 0.240625 0.6421875 0.11875 0.184375
0 0.37421875 0.646875 0.1203125 0.184375
0 0.59140625 0.590625 0.1109375 0.153125
0 0.72109375 0.5984375 0.1453125 0.08125
0 0.88671875 0.659375 0.1765625 0.065625
0 0.11875 0.87265625 0.23125 0.0859375
0 0.13984375 0.9453125 0.2078125 0.075
0 0.52578125 0.8765625 0.1765625 0.0625
0 0.525 0.953125 0.175 0.059375
0 0.68671875 0.95625 0.1296875 0.059375