0 0.26640625 0.22734375 0.1953125 0.20859375
0 0.4796875 0.21328125 0.2328125 0.23046875
0 0.884375 0.215625 0.23046875 0.24296875
0 0.08203125 0.2171875 0.16328125 0.19375
0 0.21015625 0.478125 0.26796875 0.17734375
0 0.41015625 0.5125 0.20546875 0.17890625
0 0.628125 0.44765625 0.17265625 0.12734375
0 0.6328125 0.47109375 0.1390625 0.06875
0 0.8296875 0.5140625 0.17578125 0.15859375
0 0.33828125 0.6984375 0.19453125 0.146875
0 0.72578125 0.696875 0.1640625 0.15625
0 0.90703125 0.70859375 0.1859375 0.1671875
0 0.9265625 0.690625 0.14609375 0.06015625
0 0.25390625 0.90625 0.18671875 0.1296875
0 0.87109375 0.875 0.1609375 0.053125